0
-0.00352002
-0.0124176
0.0047388
-0.000442264
0.00230894
0.0125197
-0.00598948
0.000812538
-0.000984327
-0.0125905
0.00700887
-0.00130181
-0.000108679
0.0129089
-0.00815738
0.00149784
0.0013676
-0.0129255
0.00898662
-0.0020636
-0.0023792
0.0134368
-0.00977787
0.002026
0.00326902
-0.0133249
0.0105883
-0.00255131
-0.00437012
0.0137399
-0.0107298
0.00255271
0.00464404
-0.013785
0.0115456
-0.00255523
-0.00567829
0.0134911
-0.0113282
0.00306823
0.00585331
-0.0139303
0.0113644
-0.00249948
-0.00588015
0.0131764
-0.011715
0.00279187
0.00666254
-0.0128189
0.0107347
-0.00306778
-0.00608049
0.0129531
-0.0105841
0.00220377
0.00577004
-0.0116385
0.0106604
-0.00248249
-0.00637788
0.0108257
-0.00922567
0.00296054
0.00556852
-0.0109489
0.00843728
-0.00195846
-0.00445924
0.00969257
-0.00873618
0.00151524
0.0048673
-0.00790557
0.00775813
-0.00242531
-0.00497763
0.00764558
-0.0058717
0.00246787
0.00348212
-0.00774254
0.00534226
-0.00112467
-0.00222597
0.00632118
-0.00590349
0.000433761
0.00263499
-0.00421374
0.00547567
-0.00132968
-0.00346341
0.00336331
-0.00359141
0.00240259
0.002969
-0.00397624
0.00178852
-0.00211393
-0.00119532
0.00459507
-0.0014421
0.000552356
-0.000443054
-0.00397936
0.0024335
0.00103715
0.000798821
0.00213849
-0.0036588
-0.00157767
0.000209198
6.29025e-05
0.00411597
0.000814708
-0.00192142
-0.00173966
-0.00343629
0.000877809
0.00359211
0.00243431
0.00176289
-0.00297351
-0.00476296
-0.00208596
0.000603921
0.00510827
0.00528021
0.00079369
-0.00346965
-0.00715135
-0.0051428
0.00139323
